l -6.7555614 5.566631 0.0 1.0
c -8.298854 -6.1759367 0.0 1.0
c 4.544962 2.171936 0.0 1.0
c 2.8686116 10.51635 0.0 1.0
v -8.354376 -6.1741157 0.0 2.4
v 0.32002926 -1.2086272 0.0 2.4
v -22.804077 16.77536 0.0 9.0
b -28.343552 27.845398 0.0 8.0
b -18.406378 27.953796 0.0 8.0
b -14.78268 23.183615 0.35000002 8.0
b -31.635544 21.700867 3.0 8.0
b -11.405076 16.503925 1.3500001 8.0
b -18.014854 7.7183623 1.6000004 6.0
b -26.228394 7.150003 0.25000003 5.0
b -33.62044 14.717911 1.1000001 7.0
b 7.926872 0.15984583 1.7500006 2.0
b 9.88347 -6.993374 0.0 9.0
b 12.373814 0.18214314 1.0000001 9.0
b 4.3586845 -5.2770863 3.1331887 4.0
b 8.589388 4.7080307 0.0 4.0
b 6.48435 -2.2165527 0.70000005 4.0
b 8.248475 1.7259262 0.8000002 3.0
b 1.9140124 -10.159268 1.3000002 9.0
b -1.0226333 -17.468494 1.6500003 9.0
b -9.828227 -18.289503 0.0 9.0
s 0.26665497 -1.1871471 1.5707964 1.0
s 4.4900117 5.531605 1.5707964 1.0
